{
 "cells": [
  {
   "cell_type": "code",
   "execution_count": 1,
   "metadata": {},
   "outputs": [],
   "source": [
    "import os\n",
    "import json\n",
    "import h5py\n",
    "import numpy as np\n",
    "\n",
    "import robomimic\n",
    "import robomimic.utils.file_utils as FileUtils\n",
    "import robomimic.utils.env_utils as EnvUtils\n",
    "import robomimic.utils.obs_utils as ObsUtils\n",
    "import imageio\n",
    "import tqdm\n",
    "from robomimic.utils.file_utils import create_hdf5_filter_key"
   ]
  },
  {
   "cell_type": "code",
   "execution_count": 2,
   "metadata": {},
   "outputs": [
    {
     "name": "stdout",
     "output_type": "stream",
     "text": [
      "Number of demos:  100\n",
      "Max length:  564\n",
      "Min length:  187\n",
      "Mean length:  316.15\n",
      "Number of demos:  15\n",
      "Max length:  1195\n",
      "Min length:  187\n",
      "Mean length:  376.295652173913\n",
      "Number of demos:  11\n",
      "Max length:  1200\n",
      "Min length:  187\n",
      "Mean length:  428.27777777777777\n"
     ]
    }
   ],
   "source": [
    "dataset_path_ola = \"/home/carl_lab/data_franka/drawer_ola/demo.hdf5\"\n",
    "dataset_path_tazul= \"/home/carl_lab/data_franka/drawer_lay/drawer_tazul_g12b3.hdf5\"\n",
    "dataset_path_zahid= \"/home/carl_lab/data_franka/drawer_lay/drawer_zahid_g6b5.hdf5\"\n",
    "\n",
    "f_org_ola = h5py.File(dataset_path_ola, \"r\")\n",
    "f_org_tazul = h5py.File(dataset_path_tazul, \"r\")\n",
    "f_org_zahid = h5py.File(dataset_path_zahid, \"r\")\n",
    "demos_ola = list(f_org_ola[\"data\"].keys())\n",
    "demos_tazul = list(f_org_tazul[\"data\"].keys())\n",
    "demos_zahid = list(f_org_zahid[\"data\"].keys())\n",
    "\n",
    "\n",
    "lengths=[]\n",
    "demos_ = [demos_ola, demos_tazul, demos_zahid ]\n",
    "f_org_ = [f_org_ola, f_org_tazul, f_org_zahid]\n",
    "for i in range(len(demos_)):\n",
    "    demos = demos_[i]\n",
    "    f_org = f_org_[i]\n",
    "    for demo_name in demos:\n",
    "        demo=f_org['data'][demo_name]\n",
    "        num_samples=demo.attrs['num_samples']\n",
    "        lengths.append(num_samples)\n",
    "\n",
    "    # lengths=np.array(lengths)\n",
    "\n",
    "    # print(\"demo\", str(demos))\n",
    "    print('Number of demos: ', len(demos))\n",
    "    print('Max length: ', np.max(lengths))\n",
    "    print('Min length: ', np.min(lengths))\n",
    "    print('Mean length: ', np.mean(lengths))"
   ]
  },
  {
   "cell_type": "code",
   "execution_count": 3,
   "metadata": {},
   "outputs": [
    {
     "name": "stdout",
     "output_type": "stream",
     "text": [
      "Selected demos with new names saved to /home/carl_lab/data_franka/selected_o40z11t15.hdf5\n"
     ]
    }
   ],
   "source": [
    "# Output file path\n",
    "output_file_path = \"/home/carl_lab/data_franka/selected_o40z11t15.hdf5\"\n",
    "\n",
    "demos_ola = list(f_org_ola[\"data\"].keys())[:40] \n",
    "\n",
    "# Create a new HDF5 file to store the selected demos\n",
    "with h5py.File(output_file_path, 'w') as f_new:\n",
    "    # Create the 'data' group in the new file\n",
    "    data_group = f_new.create_group('data')\n",
    "    \n",
    "    # Copy and rename the selected demos from each dataset\n",
    "    new_demo_index = 0  # Start the demo names from 'demo_0'\n",
    "    \n",
    "    # For demos from ola\n",
    "    for demo_name in demos_ola:\n",
    "        new_name = f\"demo_{new_demo_index}\"\n",
    "        f_org_ola.copy(f_org_ola[f\"data/{demo_name}\"], data_group, new_name)\n",
    "        new_demo_index += 1\n",
    "    \n",
    "    # For demos from tazul\n",
    "    for demo_name in demos_tazul:\n",
    "        new_name = f\"demo_{new_demo_index}\"\n",
    "        f_org_tazul.copy(f_org_tazul[f\"data/{demo_name}\"], data_group, new_name)\n",
    "        new_demo_index += 1\n",
    "    \n",
    "    # For demos from zahid\n",
    "    for demo_name in demos_zahid:\n",
    "        new_name = f\"demo_{new_demo_index}\"\n",
    "        f_org_zahid.copy(f_org_zahid[f\"data/{demo_name}\"], data_group, new_name)\n",
    "        new_demo_index += 1\n",
    "\n",
    "print(f\"Selected demos with new names saved to {output_file_path}\")\n"
   ]
  },
  {
   "cell_type": "code",
   "execution_count": 2,
   "metadata": {},
   "outputs": [
    {
     "name": "stdout",
     "output_type": "stream",
     "text": [
      "First 60 demos saved to /home/carl_lab/data_franka/imgsd_demo/demo_sub60_.hdf5\n"
     ]
    }
   ],
   "source": [
    "import h5py\n",
    "\n",
    "# Paths for the input and output HDF5 files\n",
    "input_file_path =  \"/home/carl_lab/data_franka/imgsd_demo/demo.hdf5\"\n",
    "\n",
    "output_file_path = input_file_path\n",
    "output_file_path = output_file_path.replace(\".hdf5\", \"\")+\"_sub60_.hdf5\"\n",
    "\n",
    "\n",
    "# Open the original HDF5 file\n",
    "with h5py.File(input_file_path, 'r') as f_org:\n",
    "    # Get the names of the first 60 demos\n",
    "    all_demos = list(f_org['data'].keys())\n",
    "    first_60_demos = all_demos[:60]\n",
    "    \n",
    "    # Create a new HDF5 file to store the selected demos\n",
    "    with h5py.File(output_file_path, 'w') as f_new:\n",
    "        # Create the 'data' group in the new file\n",
    "        data_group = f_new.create_group('data')\n",
    "        \n",
    "        # Copy the selected demos\n",
    "        for demo_name in first_60_demos:\n",
    "            f_org.copy(f_org[f\"data/{demo_name}\"], data_group, demo_name)\n",
    "            \n",
    "print(f\"First 60 demos saved to {output_file_path}\")"
   ]
  },
  {
   "cell_type": "code",
   "execution_count": 4,
   "metadata": {},
   "outputs": [],
   "source": [
    "f_org.close()\n"
   ]
  },
  {
   "cell_type": "markdown",
   "metadata": {},
   "source": [
    "check if decreasing size worked"
   ]
  },
  {
   "cell_type": "code",
   "execution_count": 4,
   "metadata": {},
   "outputs": [
    {
     "name": "stdout",
     "output_type": "stream",
     "text": [
      "Number of demos:  66\n",
      "Max length:  1200\n",
      "Min length:  224\n",
      "Mean length:  532.6363636363636\n",
      "Median length:  380.5\n",
      "\n",
      "['demo_0', 'demo_1', 'demo_10', 'demo_11', 'demo_12', 'demo_13', 'demo_14', 'demo_15', 'demo_16', 'demo_17', 'demo_18', 'demo_19', 'demo_2', 'demo_20', 'demo_21', 'demo_22', 'demo_23', 'demo_24', 'demo_25', 'demo_26', 'demo_27', 'demo_28', 'demo_29', 'demo_3', 'demo_30', 'demo_31', 'demo_32', 'demo_33', 'demo_34', 'demo_35', 'demo_36', 'demo_37', 'demo_38', 'demo_39', 'demo_4', 'demo_40', 'demo_41', 'demo_42', 'demo_43', 'demo_44', 'demo_45', 'demo_46', 'demo_47', 'demo_48', 'demo_49', 'demo_5', 'demo_50', 'demo_51', 'demo_52', 'demo_53', 'demo_54', 'demo_55', 'demo_56', 'demo_57', 'demo_58', 'demo_59', 'demo_6', 'demo_60', 'demo_61', 'demo_62', 'demo_63', 'demo_64', 'demo_65', 'demo_7', 'demo_8', 'demo_9']\n"
     ]
    }
   ],
   "source": [
    "import numpy as np\n",
    "dataset_path_base=\"/home/carl_lab/data_franka/selected_o40z11t15.hdf5\"\n",
    "f_base = h5py.File(dataset_path_base, \"r\")\n",
    "demos = list(f_base[\"data\"].keys())\n",
    "\n",
    "lengths=[]\n",
    "demos_minmax={}\n",
    "for demo_name in demos:\n",
    "    demo=f_base['data'][demo_name]\n",
    "    num_samples=demo.attrs['num_samples']\n",
    "    lengths.append(num_samples)\n",
    "\n",
    "    action=f_base['data'][demo_name]['actions']\n",
    "    action=np.array(action) \n",
    "    demos_minmax[demo_name] = (np.min(action, axis=0), np.max(action, axis=0))\n",
    "\n",
    "\n",
    "lengths=np.array(lengths)\n",
    "\n",
    "print('Number of demos: ', len(demos))\n",
    "print('Max length: ', np.max(lengths))\n",
    "print('Min length: ', np.min(lengths))\n",
    "print('Mean length: ', np.mean(lengths))\n",
    "print('Median length: ', np.median(lengths))\n",
    "print('') \n",
    "print(demos)"
   ]
  },
  {
   "cell_type": "code",
   "execution_count": 7,
   "metadata": {},
   "outputs": [
    {
     "name": "stdout",
     "output_type": "stream",
     "text": [
      "First 40 demos saved to /home/carl_lab/data_franka/imgsd_demo/demo_sub40_.hdf5\n"
     ]
    }
   ],
   "source": [
    "import h5py\n",
    "\n",
    "# Paths for the input and output HDF5 files\n",
    "input_file_path =  \"/home/carl_lab/data_franka/imgsd_demo/demo.hdf5\"\n",
    "\n",
    "output_file_path = input_file_path\n",
    "output_file_path = output_file_path.replace(\".hdf5\", \"\")+\"_sub40_.hdf5\"\n",
    "\n",
    "target = 40\n",
    "# Open the original HDF5 file\n",
    "with h5py.File(input_file_path, 'r') as f_org:\n",
    "    \n",
    "    all_demos = list(f_org['data'].keys())\n",
    "    first_60_demos = all_demos[:target]\n",
    "    \n",
    "    # Create a new HDF5 file to store the selected demos\n",
    "    with h5py.File(output_file_path, 'w') as f_new:\n",
    "        # Create the 'data' group in the new file\n",
    "        data_group = f_new.create_group('data')\n",
    "        \n",
    "        # Copy the selected demos\n",
    "        for demo_name in first_60_demos:\n",
    "            f_org.copy(f_org[f\"data/{demo_name}\"], data_group, demo_name)\n",
    "            \n",
    "print(f\"First {target} demos saved to {output_file_path}\")"
   ]
  },
  {
   "cell_type": "code",
   "execution_count": 8,
   "metadata": {},
   "outputs": [
    {
     "name": "stdout",
     "output_type": "stream",
     "text": [
      "Number of demos:  40\n",
      "Max length:  422\n",
      "Min length:  167\n",
      "Mean length:  260.6\n",
      "Median length:  251.5\n",
      "\n"
     ]
    }
   ],
   "source": [
    "import numpy as np\n",
    "dataset_path_base=output_file_path\n",
    "f_base = h5py.File(dataset_path_base, \"r\")\n",
    "demos = list(f_base[\"data\"].keys())\n",
    "\n",
    "lengths=[]\n",
    "demos_minmax={}\n",
    "for demo_name in demos:\n",
    "    demo=f_base['data'][demo_name]\n",
    "    num_samples=demo.attrs['num_samples']\n",
    "    lengths.append(num_samples)\n",
    "\n",
    "    action=f_base['data'][demo_name]['actions']\n",
    "    action=np.array(action) \n",
    "    demos_minmax[demo_name] = (np.min(action, axis=0), np.max(action, axis=0))\n",
    "\n",
    "\n",
    "lengths=np.array(lengths)\n",
    "\n",
    "print('Number of demos: ', len(demos))\n",
    "print('Max length: ', np.max(lengths))\n",
    "print('Min length: ', np.min(lengths))\n",
    "print('Mean length: ', np.mean(lengths))\n",
    "print('Median length: ', np.median(lengths))\n",
    "print('') "
   ]
  },
  {
   "cell_type": "code",
   "execution_count": 11,
   "metadata": {},
   "outputs": [
    {
     "name": "stdout",
     "output_type": "stream",
     "text": [
      "[array([ 9.99627801e-01,  1.14580423e-02,  2.47576128e-02,  0.00000000e+00,\n",
      "        1.14359262e-02, -9.99934055e-01,  1.03470876e-03,  0.00000000e+00,\n",
      "        2.47678367e-02, -7.51197434e-04, -9.99692948e-01,  0.00000000e+00,\n",
      "        4.56540385e-01,  3.24164437e-02,  2.62088309e-01,  1.00000000e+00]), array([ 9.99627654e-01,  1.14575723e-02,  2.47637526e-02,  0.00000000e+00,\n",
      "        1.14354304e-02, -9.99934060e-01,  1.03555909e-03,  0.00000000e+00,\n",
      "        2.47739855e-02, -7.51989363e-04, -9.99692795e-01,  0.00000000e+00,\n",
      "        4.56542341e-01,  3.24173436e-02,  2.62089592e-01,  1.00000000e+00]), array([ 9.99735629e-01,  1.18274690e-02,  1.97167284e-02,  0.00000000e+00,\n",
      "        1.18172420e-02, -9.99929955e-01,  6.35126808e-04,  0.00000000e+00,\n",
      "        1.97228600e-02, -4.01961560e-04, -9.99805405e-01,  0.00000000e+00,\n",
      "        4.55905633e-01,  3.30238671e-02,  2.60015142e-01,  1.00000000e+00]), array([ 9.99826260e-01,  1.32702232e-02,  1.30888390e-02,  0.00000000e+00,\n",
      "        1.32686041e-02, -9.99911929e-01,  2.10539395e-04,  0.00000000e+00,\n",
      "        1.30904806e-02, -3.68321941e-05, -9.99914315e-01,  0.00000000e+00,\n",
      "        4.55275671e-01,  3.43259789e-02,  2.56642290e-01,  1.00000000e+00]), array([ 9.99849612e-01,  1.57243285e-02,  7.31201731e-03,  0.00000000e+00,\n",
      "        1.57193689e-02, -9.99876156e-01,  7.35270579e-04,  0.00000000e+00,\n",
      "        7.32267365e-03, -6.20219727e-04, -9.99972997e-01,  0.00000000e+00,\n",
      "        4.54972136e-01,  3.56406510e-02,  2.53243736e-01,  1.00000000e+00]), array([ 9.99826449e-01,  1.86042125e-02,  9.60108279e-04,  0.00000000e+00,\n",
      "        1.86027818e-02, -9.99825843e-01,  1.47816453e-03,  0.00000000e+00,\n",
      "        9.87441191e-04, -1.46004736e-03, -9.99998447e-01,  0.00000000e+00,\n",
      "        4.54810483e-01,  3.70387859e-02,  2.49587823e-01,  1.00000000e+00]), array([ 0.99972987,  0.0224856 , -0.00587747,  0.        ,  0.02250052,\n",
      "       -0.99974373,  0.00248352,  0.        , -0.00582012, -0.00261509,\n",
      "       -0.99997964,  0.        ,  0.45457725,  0.03882006,  0.24593838,\n",
      "        1.        ]), array([ 0.99950413,  0.02667786, -0.01672587,  0.        ,  0.02674665,\n",
      "       -0.99963461,  0.00390302,  0.        , -0.01661564, -0.00434845,\n",
      "       -0.99985249,  0.        ,  0.45339379,  0.04057672,  0.24086354,\n",
      "        1.        ]), array([ 0.999261  ,  0.02960513, -0.02451422,  0.        ,  0.02973048,\n",
      "       -0.99954658,  0.00476483,  0.        , -0.02436204, -0.00549013,\n",
      "       -0.99968813,  0.        ,  0.45251883,  0.04182618,  0.2373102 ,\n",
      "        1.        ]), array([ 0.99894463,  0.03304203, -0.03190336,  0.        ,  0.0332371 ,\n",
      "       -0.99943177,  0.00560332,  0.        , -0.03170009, -0.00665778,\n",
      "       -0.99947525,  0.        ,  0.45168927,  0.04326761,  0.23392542,\n",
      "        1.        ]), array([ 0.99859017,  0.03625127, -0.03877483,  0.        ,  0.03652466,\n",
      "       -0.99931246,  0.00636558,  0.        , -0.03851741, -0.00777284,\n",
      "       -0.9992277 ,  0.        ,  0.45088499,  0.04460894,  0.23077108,\n",
      "        1.        ]), array([ 0.99819678,  0.0395441 , -0.04516002,  0.        ,  0.03990373,\n",
      "       -0.99917836,  0.0070897 ,  0.        , -0.04484257, -0.00887897,\n",
      "       -0.99895461,  0.        ,  0.45006066,  0.0459944 ,  0.22786546,\n",
      "        1.        ]), array([ 0.99782695,  0.04206578, -0.05071313,  0.        ,  0.04250879,\n",
      "       -0.99906649,  0.00768851,  0.        , -0.05034236, -0.00982755,\n",
      "       -0.99868367,  0.        ,  0.44937668,  0.04705417,  0.22532596,\n",
      "        1.        ]), array([ 0.99743682,  0.04411236, -0.05633691,  0.        ,  0.04464515,\n",
      "       -0.99896896,  0.00823345,  0.        , -0.05591562, -0.01072752,\n",
      "       -0.99837787,  0.        ,  0.44866567,  0.04788278,  0.2227691 ,\n",
      "        1.        ]), array([ 0.99707911,  0.04484155, -0.06182603,  0.        ,  0.04545922,\n",
      "       -0.99892899,  0.00861952,  0.        , -0.0613733 , -0.01140491,\n",
      "       -0.99804972,  0.        ,  0.4480124 ,  0.04813281,  0.22028567,\n",
      "        1.        ]), array([ 0.99675708,  0.0447535 , -0.06687606,  0.        ,  0.04544766,\n",
      "       -0.99892711,  0.008894  ,  0.        , -0.06640628, -0.01190452,\n",
      "       -0.99772165,  0.        ,  0.44745762,  0.04803643,  0.21800077,\n",
      "        1.        ]), array([ 0.9964277 ,  0.0447482 , -0.0716199 ,  0.        ,  0.04551839,\n",
      "       -0.99892151,  0.00915732,  0.        , -0.07113288, -0.01238463,\n",
      "       -0.99738996,  0.        ,  0.44690565,  0.04798072,  0.21585699,\n",
      "        1.        ]), array([ 0.99609171,  0.04466066, -0.07620167,  0.        ,  0.04550703,\n",
      "       -0.99891972,  0.00940608,  0.        , -0.07569927, -0.01283703,\n",
      "       -0.99704806,  0.        ,  0.44636943,  0.04789581,  0.21378985,\n",
      "        1.        ]), array([ 0.99574328,  0.04449484, -0.08071857,  0.        ,  0.04541869,\n",
      "       -0.99892146,  0.0096447 ,  0.        , -0.08020238, -0.01326977,\n",
      "       -0.99669027,  0.        ,  0.44584465,  0.04777519,  0.21174722,\n",
      "        1.        ]), array([ 0.99537139,  0.04446877, -0.08519558,  0.        ,  0.04547407,\n",
      "       -0.9989165 ,  0.00989496,  0.        , -0.08466325, -0.01372335,\n",
      "       -0.99631511,  0.        ,  0.44528916,  0.04771613,  0.20969457,\n",
      "        1.        ]), array([ 0.99505122,  0.04448233, -0.08885016,  0.        ,  0.04555695,\n",
      "       -0.99891064,  0.01010264,  0.        , -0.08830398, -0.01410038,\n",
      "       -0.99599377,  0.        ,  0.44480907,  0.04768475,  0.20805506,\n",
      "        1.        ]), array([ 0.99482168,  0.04444139, -0.0914043 ,  0.        ,  0.04556521,\n",
      "       -0.99890882,  0.01024419,  0.        , -0.0908493 , -0.014356  ,\n",
      "       -0.99576117,  0.        ,  0.44448053,  0.04764675,  0.20695409,\n",
      "        1.        ]), array([ 0.99452641,  0.04439948, -0.09458262,  0.        ,  0.04558791,\n",
      "       -0.99890575,  0.01044043,  0.        , -0.09401557, -0.01469511,\n",
      "       -0.99546227,  0.        ,  0.44385834,  0.04757058,  0.20619804,\n",
      "        1.        ]), array([ 0.9943666 ,  0.04433124, -0.09627966,  0.        ,  0.04555458,\n",
      "       -0.99890618,  0.0105443 ,  0.        , -0.09570691, -0.01487088,\n",
      "       -0.99529847,  0.        ,  0.44348816,  0.04750843,  0.20570457,\n",
      "        1.        ]), array([ 0.99428397,  0.04433728, -0.09712647,  0.        ,  0.04557835,\n",
      "       -0.99890456,  0.01059558,  0.        , -0.0965503 , -0.01496188,\n",
      "       -0.99521565,  0.        ,  0.44328747,  0.04749396,  0.20534583,\n",
      "        1.        ]), array([ 0.99424877,  0.04432128, -0.09749346,  0.        ,  0.04557004,\n",
      "       -0.99890469,  0.01061833,  0.        , -0.09691606, -0.01500004,\n",
      "       -0.99517952,  0.        ,  0.44319168,  0.04748023,  0.20519253,\n",
      "        1.        ]), array([ 0.99419554,  0.04431114, -0.09803936,  0.        ,  0.04557109,\n",
      "       -0.99890432,  0.01064866,  0.        , -0.09746009, -0.01505461,\n",
      "       -0.99512557,  0.        ,  0.44311139,  0.04747162,  0.20494997,\n",
      "        1.        ]), array([ 0.99416167,  0.04431646, -0.09837987,  0.        ,  0.04558347,\n",
      "       -0.99890356,  0.01066759,  0.        , -0.09779925, -0.01508981,\n",
      "       -0.99509176,  0.        ,  0.44305848,  0.04746304,  0.20480143,\n",
      "        1.        ]), array([ 0.99415215,  0.04430282, -0.09848216,  0.        ,  0.04557182,\n",
      "       -0.99890403,  0.01067259,  0.        , -0.09790141, -0.0150982 ,\n",
      "       -0.99508158,  0.        ,  0.44303147,  0.04745599,  0.20475913,\n",
      "        1.        ]), array([ 0.99410576,  0.04430281, -0.09894933,  0.        ,  0.0455806 ,\n",
      "       -0.99890345,  0.01068942,  0.        , -0.09836725, -0.01513659,\n",
      "       -0.99503506,  0.        ,  0.44305916,  0.04746066,  0.20425199,\n",
      "        1.        ]), array([ 0.99389843,  0.04428413, -0.10101877,  0.        ,  0.04560387,\n",
      "       -0.99890129,  0.01079147,  0.        , -0.1004299 , -0.01533247,\n",
      "       -0.99482599,  0.        ,  0.4427814 ,  0.04743283,  0.20285004,\n",
      "        1.        ]), array([ 0.99371044,  0.04427795, -0.10285426,  0.        ,  0.04563523,\n",
      "       -0.99889891,  0.01087952,  0.        , -0.10225929, -0.01550487,\n",
      "       -0.99463694,  0.        ,  0.44250496,  0.04741289,  0.20147313,\n",
      "        1.        ]), array([ 0.99352998,  0.04423234, -0.10460236,  0.        ,  0.04562692,\n",
      "       -0.99889823,  0.01097595,  0.        , -0.10400162, -0.01567762,\n",
      "       -0.99445356,  0.        ,  0.44230032,  0.04737491,  0.2005761 ,\n",
      "        1.        ]), array([ 0.99314396,  0.04419287, -0.1082221 ,  0.        ,  0.04566847,\n",
      "       -0.99889392,  0.0111934 ,  0.        , -0.10760774, -0.01605899,\n",
      "       -0.99406372,  0.        ,  0.44171775,  0.04731362,  0.19943178,\n",
      "        1.        ]), array([ 0.9929114 ,  0.04417584, -0.11034224,  0.        ,  0.04569963,\n",
      "       -0.99889109,  0.01131786,  0.        , -0.10971991, -0.01628023,\n",
      "       -0.99382921,  0.        ,  0.44130844,  0.04727514,  0.19869871,\n",
      "        1.        ]), array([ 0.99265673,  0.04416262, -0.11261548,  0.        ,  0.04574098,\n",
      "       -0.99888747,  0.01146913,  0.        , -0.11198369, -0.01653605,\n",
      "       -0.99357245,  0.        ,  0.44073503,  0.04721705,  0.19814643,\n",
      "        1.        ]), array([ 0.99265688,  0.04415667, -0.11261651,  0.        ,  0.04573507,\n",
      "       -0.99888774,  0.0114697 ,  0.        , -0.11198479, -0.016536  ,\n",
      "       -0.99357233,  0.        ,  0.44076007,  0.04721601,  0.19814554,\n",
      "        1.        ]), array([ 0.99265175,  0.04414438, -0.11266653,  0.        ,  0.04572334,\n",
      "       -0.9988883 ,  0.01146798,  0.        , -0.11203503, -0.0165352 ,\n",
      "       -0.99356668,  0.        ,  0.44074802,  0.04720829,  0.19812384,\n",
      "        1.        ]), array([ 0.99264579,  0.04416137, -0.11271239,  0.        ,  0.04574153,\n",
      "       -0.99888743,  0.01147075,  0.        , -0.11208043, -0.01654203,\n",
      "       -0.99356144,  0.        ,  0.44072134,  0.04721325,  0.19810826,\n",
      "        1.        ]), array([ 0.99264734,  0.0441512 , -0.11270267,  0.        ,  0.04573131,\n",
      "       -0.99888788,  0.01147235,  0.        , -0.11207081, -0.01654204,\n",
      "       -0.99356253,  0.        ,  0.44072689,  0.04721018,  0.19811187,\n",
      "        1.        ]), array([ 0.99265003,  0.04415732, -0.11267663,  0.        ,  0.04573668,\n",
      "       -0.99888767,  0.01146924,  0.        , -0.11204485, -0.0165384 ,\n",
      "       -0.99356551,  0.        ,  0.44074348,  0.04721377,  0.19812123,\n",
      "        1.        ]), array([ 0.99264813,  0.04414209, -0.1126993 ,  0.        ,  0.0457222 ,\n",
      "       -0.99888828,  0.01147344,  0.        , -0.11206755, -0.01654195,\n",
      "       -0.9935629 ,  0.        ,  0.44073637,  0.04720871,  0.19811319,\n",
      "        1.        ]), array([ 0.9926468 ,  0.04416065, -0.11270371,  0.        ,  0.04574094,\n",
      "       -0.99888743,  0.01147325,  0.        , -0.11207166, -0.01654406,\n",
      "       -0.9935624 ,  0.        ,  0.44072818,  0.04721395,  0.19811264,\n",
      "        1.        ]), array([ 0.99264688,  0.04414406, -0.11270952,  0.        ,  0.04572413,\n",
      "       -0.99888822,  0.01147141,  0.        , -0.11207782, -0.0165406 ,\n",
      "       -0.99356176,  0.        ,  0.44072825,  0.0472079 ,  0.19810862,\n",
      "        1.        ]), array([ 0.99264997,  0.04415281, -0.11267887,  0.        ,  0.04573444,\n",
      "       -0.99888754,  0.01148925,  0.        , -0.11204625, -0.01655811,\n",
      "       -0.99356503,  0.        ,  0.44074265,  0.0471998 ,  0.1981206 ,\n",
      "        1.        ]), array([ 0.9926552 ,  0.04407362, -0.11266386,  0.        ,  0.04566773,\n",
      "       -0.99888924,  0.01160659,  0.        , -0.11202717, -0.01666645,\n",
      "       -0.99356537,  0.        ,  0.44075928,  0.04709205,  0.1981215 ,\n",
      "        1.        ]), array([ 0.99265256,  0.0440113 , -0.11271147,  0.        ,  0.04560648,\n",
      "       -0.99889197,  0.0116125 ,  0.        , -0.1120755 , -0.01666756,\n",
      "       -0.9935599 ,  0.        ,  0.44074317,  0.04705743,  0.19810514,\n",
      "        1.        ]), array([ 0.99279976,  0.04398102, -0.11141934,  0.        ,  0.04554263,\n",
      "       -0.99889609,  0.01150822,  0.        , -0.11079021, -0.01649969,\n",
      "       -0.99370684,  0.        ,  0.44102539,  0.04707616,  0.19819156,\n",
      "        1.        ]), array([ 0.99305114,  0.0440282 , -0.10913713,  0.        ,  0.0455348 ,\n",
      "       -0.99889826,  0.0113499 ,  0.        , -0.10851717, -0.01624057,\n",
      "       -0.9939619 ,  0.        ,  0.44154297,  0.04714318,  0.19836077,\n",
      "        1.        ]), array([ 0.99327006,  0.04406619, -0.10711084,  0.        ,  0.04552534,\n",
      "       -0.99890021,  0.01121484,  0.        , -0.10649884, -0.01601562,\n",
      "       -0.99418383,  0.        ,  0.44200104,  0.04719613,  0.19849456,\n",
      "        1.        ]), array([ 0.99352966,  0.04412022, -0.10465273,  0.        ,  0.04552335,\n",
      "       -0.99890208,  0.01105584,  0.        , -0.10405005, -0.01574845,\n",
      "       -0.99444737,  0.        ,  0.44255187,  0.04726503,  0.19868883,\n",
      "        1.        ]), array([ 0.99385943,  0.04415872, -0.10145645,  0.        ,  0.04549058,\n",
      "       -0.99890582,  0.01085039,  0.        , -0.1008663 , -0.01539908,\n",
      "       -0.99478081,  0.        ,  0.44324489,  0.04733577,  0.1989627 ,\n",
      "        1.        ]), array([ 0.99423033,  0.04416764, -0.09775085,  0.        ,  0.04542037,\n",
      "       -0.99891142,  0.0106265 ,  0.        , -0.0971751 , -0.01500507,\n",
      "       -0.99515418,  0.        ,  0.44405246,  0.04739149,  0.19931234,\n",
      "        1.        ]), array([ 0.99472382,  0.04390489, -0.09271918,  0.        ,  0.04504664,\n",
      "       -0.99893222,  0.01025629,  0.        , -0.09216988, -0.01437886,\n",
      "       -0.99563947,  0.        ,  0.44516014,  0.04737964,  0.19973506,\n",
      "        1.        ]), array([ 0.99506032,  0.04394025, -0.08901785,  0.        ,  0.04500702,\n",
      "       -0.99893649,  0.01001128,  0.        , -0.08848329, -0.01396825,\n",
      "       -0.99597972,  0.        ,  0.44596271,  0.04746303,  0.19998844,\n",
      "        1.        ]), array([ 0.99564425,  0.04402543, -0.08218432,  0.        ,  0.04495997,\n",
      "       -0.99894308,  0.00955459,  0.        , -0.08167681, -0.01320798,\n",
      "       -0.99657135,  0.        ,  0.4474218 ,  0.04762579,  0.20044785,\n",
      "        1.        ]), array([ 0.99619658,  0.04408704, -0.07515768,  0.        ,  0.04489447,\n",
      "       -0.99895039,  0.00908699,  0.        , -0.07467818, -0.0124266 ,\n",
      "       -0.99713026,  0.        ,  0.44891105,  0.04778452,  0.20090001,\n",
      "        1.        ]), array([ 0.99643186,  0.04316714, -0.07252666,  0.        ,  0.04392465,\n",
      "       -0.99899535,  0.00888156,  0.        , -0.07207041, -0.01203558,\n",
      "       -0.99732693,  0.        ,  0.44951929,  0.04749521,  0.20107276,\n",
      "        1.        ]), array([ 0.99665995,  0.04185405, -0.07012242,  0.        ,  0.04256534,\n",
      "       -0.99905597,  0.00867959,  0.        , -0.06969295, -0.01163538,\n",
      "       -0.99750063,  0.        ,  0.45014902,  0.04696422,  0.20159539,\n",
      "        1.        ]), array([ 0.99664848,  0.04060065, -0.07101665,  0.        ,  0.04132086,\n",
      "       -0.99910802,  0.00870131,  0.        , -0.07060003, -0.01160662,\n",
      "       -0.99743718,  0.        ,  0.45056773,  0.04643177,  0.20325752,\n",
      "        1.        ]), array([ 0.99644253,  0.03788088, -0.07528139,  0.        ,  0.03866297,\n",
      "       -0.99921214,  0.00895821,  0.        , -0.07488274, -0.01183695,\n",
      "       -0.99712209,  0.        ,  0.45079676,  0.04524196,  0.20653463,\n",
      "        1.        ]), array([ 0.9951616 ,  0.03272431, -0.0926416 ,  0.        ,  0.03379856,\n",
      "       -0.99937811,  0.01005032,  0.        , -0.0922551 , -0.01313284,\n",
      "       -0.9956488 ,  0.        ,  0.44915751,  0.04282202,  0.21088882,\n",
      "        1.        ]), array([ 0.99297384,  0.02764021, -0.11506055,  0.        ,  0.0291419 ,\n",
      "       -0.99951038,  0.01138935,  0.        , -0.11468941, -0.01466241,\n",
      "       -0.99329319,  0.        ,  0.4466017 ,  0.04033212,  0.21650796,\n",
      "        1.        ]), array([ 0.99055825,  0.02252494, -0.13522924,  0.        ,  0.02445637,\n",
      "       -0.99962099,  0.01263817,  0.        , -0.13489331, -0.01582606,\n",
      "       -0.99073373,  0.        ,  0.44434996,  0.03796453,  0.22318353,\n",
      "        1.        ]), array([ 0.98794611,  0.01715523, -0.15384453,  0.        ,  0.01948705,\n",
      "       -0.99971675,  0.01366175,  0.        , -0.15356659, -0.01649505,\n",
      "       -0.98800062,  0.        ,  0.44202483,  0.03532191,  0.23004735,\n",
      "        1.        ]), array([ 0.98265867,  0.01081688, -0.18510783,  0.        ,  0.01410705,\n",
      "       -0.99976488,  0.01646648,  0.        , -0.1848862 , -0.01879225,\n",
      "       -0.98258025,  0.        ,  0.43711069,  0.0318086 ,  0.24236289,\n",
      "        1.        ]), array([ 0.97939537,  0.00775413, -0.20180325,  0.        ,  0.01157351,\n",
      "       -0.9997754 ,  0.01775316,  0.        , -0.20162027, -0.01972294,\n",
      "       -0.97926517,  0.        ,  0.43465287,  0.0303135 ,  0.24994232,\n",
      "        1.        ]), array([ 0.97548243,  0.00495406, -0.22002149,  0.        ,  0.00955708,\n",
      "       -0.99975705,  0.01986128,  0.        , -0.21986965, -0.0214771 ,\n",
      "       -0.97529281,  0.        ,  0.43134057,  0.02859119,  0.25768873,\n",
      "        1.        ]), array([ 0.97115893,  0.00243088, -0.2384206 ,  0.        ,  0.00813118,\n",
      "       -0.99970403,  0.02292801,  0.        , -0.23829431, -0.02420538,\n",
      "       -0.9708913 ,  0.        ,  0.42833673,  0.02683731,  0.26628663,\n",
      "        1.        ]), array([ 9.67605911e-01, -8.91102955e-04, -2.52463806e-01,  0.00000000e+00,\n",
      "        5.80557543e-03, -9.99650787e-01,  2.57791442e-02,  0.00000000e+00,\n",
      "       -2.52398623e-01, -2.64097509e-02, -9.67262870e-01,  0.00000000e+00,\n",
      "        4.26371569e-01,  2.49058403e-02,  2.76151955e-01,  1.00000000e+00]), array([ 0.96564347, -0.00540797, -0.2598142 ,  0.        ,  0.00209665,\n",
      "       -0.99958876,  0.02859875,  0.        , -0.25986202, -0.02816094,\n",
      "       -0.96523504,  0.        ,  0.42588203,  0.02296417,  0.28667641,\n",
      "        1.        ]), array([ 0.96498105, -0.01036549, -0.26211466,  0.        , -0.00235737,\n",
      "       -0.99952129,  0.03084797,  0.        , -0.26230895, -0.0291498 ,\n",
      "       -0.96454357,  0.        ,  0.42525127,  0.02091815,  0.29766517,\n",
      "        1.        ]), array([ 0.96465588, -0.01397366, -0.26314206,  0.        , -0.00575308,\n",
      "       -0.99947178,  0.03198475,  0.        , -0.26345002, -0.0293404 ,\n",
      "       -0.96422675,  0.        ,  0.42414378,  0.01887567,  0.30854689,\n",
      "        1.        ]), array([ 0.96411256, -0.01974103, -0.26475882,  0.        , -0.01130743,\n",
      "       -0.99938007,  0.03334036,  0.        , -0.26525287, -0.02915012,\n",
      "       -0.96373813,  0.        ,  0.42247713,  0.01570808,  0.32343713,\n",
      "        1.        ]), array([ 0.96432742, -0.02282162, -0.26372669,  0.        , -0.01415162,\n",
      "       -0.99929658,  0.03472826,  0.        , -0.26433374, -0.02975726,\n",
      "       -0.96397208,  0.        ,  0.42084264,  0.01349171,  0.33395544,\n",
      "        1.        ]), array([ 0.96564554, -0.02186421, -0.25894134,  0.        , -0.01327122,\n",
      "       -0.99930313,  0.03488695,  0.        , -0.25952368, -0.03025196,\n",
      "       -0.9652628 ,  0.        ,  0.41984874,  0.01151489,  0.34446951,\n",
      "        1.        ]), array([ 0.96695995, -0.0196511 , -0.25416975,  0.        , -0.0112004 ,\n",
      "       -0.99933663,  0.03465292,  0.        , -0.25468211, -0.03066118,\n",
      "       -0.96653862,  0.        ,  0.4188273 ,  0.00948131,  0.35479671,\n",
      "        1.        ]), array([ 0.96849135, -0.01922572, -0.24830393,  0.        , -0.01088149,\n",
      "       -0.99933037,  0.03493384,  0.        , -0.24880929, -0.0311312 ,\n",
      "       -0.96805206,  0.        ,  0.41780455,  0.00716402,  0.36521855,\n",
      "        1.        ]), array([ 0.97032395, -0.01514009, -0.24133417,  0.        , -0.0070389 ,\n",
      "       -0.9993835 ,  0.03439521,  0.        , -0.24170614, -0.03167577,\n",
      "       -0.96983235,  0.        ,  0.41674547,  0.00491574,  0.37539072,\n",
      "        1.        ]), array([ 9.72581038e-01, -7.69459077e-03, -2.32436839e-01,  0.00000000e+00,\n",
      "        6.00648407e-05, -9.99444151e-01,  3.33369344e-02,  0.00000000e+00,\n",
      "       -2.32564161e-01, -3.24368327e-02, -9.72040001e-01,  0.00000000e+00,\n",
      "        4.15858633e-01,  2.72921513e-03,  3.85829655e-01,  1.00000000e+00]), array([ 9.75148942e-01, -4.82657994e-04, -2.21549710e-01,  0.00000000e+00,\n",
      "        6.85620117e-03, -9.99452911e-01,  3.23548663e-02,  0.00000000e+00,\n",
      "       -2.21444126e-01, -3.30698042e-02, -9.74612173e-01,  0.00000000e+00,\n",
      "        4.15251057e-01,  3.20672410e-04,  3.96238468e-01,  1.00000000e+00]), array([ 0.97774443,  0.00576706, -0.20972013,  0.        ,  0.01268091,\n",
      "       -0.99941895,  0.0316373 ,  0.        , -0.20941583, -0.03359264,\n",
      "       -0.97724948,  0.        ,  0.41454119, -0.00256366,  0.40673764,\n",
      "        1.        ]), array([ 0.98035935,  0.01149698, -0.19688407,  0.        ,  0.01822251,\n",
      "       -0.99930941,  0.03238236,  0.        , -0.19637581, -0.03533407,\n",
      "       -0.97989185,  0.        ,  0.4138513 , -0.00581575,  0.41677077,\n",
      "        1.        ]), array([ 0.98280439,  0.01637904, -0.18392176,  0.        ,  0.02291147,\n",
      "       -0.99917777,  0.03344858,  0.        , -0.18322269, -0.03708733,\n",
      "       -0.98237161,  0.        ,  0.41291997, -0.00940943,  0.42701145,\n",
      "        1.        ]), array([ 0.98488249,  0.02138484, -0.17189864,  0.        ,  0.02746614,\n",
      "       -0.99907533,  0.03307675,  0.        , -0.17103235, -0.0372981 ,\n",
      "       -0.98455918,  0.        ,  0.41164388, -0.0138402 ,  0.43700561,\n",
      "        1.        ]), array([ 0.98680027,  0.026845  , -0.15970138,  0.        ,  0.03222385,\n",
      "       -0.99899399,  0.03118638,  0.        , -0.15870353, -0.03592092,\n",
      "       -0.98667263,  0.        ,  0.41013238, -0.01910873,  0.44704782,\n",
      "        1.        ]), array([ 0.98841144,  0.03219526, -0.14834509,  0.        ,  0.03676066,\n",
      "       -0.9989279 ,  0.02813653,  0.        , -0.14728019, -0.03326373,\n",
      "       -0.98853531,  0.        ,  0.40840608, -0.02518135,  0.45655325,\n",
      "        1.        ]), array([ 0.98993404,  0.03746075, -0.13648167,  0.        ,  0.04120985,\n",
      "       -0.99884397,  0.02474757,  0.        , -0.13539683, -0.03012285,\n",
      "       -0.99033343,  0.        ,  0.40662373, -0.0319514 ,  0.46617976,\n",
      "        1.        ]), array([ 0.99133824,  0.04176713, -0.12451494,  0.        ,  0.04461739,\n",
      "       -0.9988001 ,  0.02018962,  0.        , -0.12352227, -0.02557028,\n",
      "       -0.9920123 ,  0.        ,  0.40509551, -0.03942841,  0.47482718,\n",
      "        1.        ]), array([ 0.99263857,  0.04672995, -0.11173608,  0.        ,  0.04867897,\n",
      "       -0.99870514,  0.01477757,  0.        , -0.11090085, -0.02010799,\n",
      "       -0.99362803,  0.        ,  0.4036719 , -0.04688527,  0.48330042,\n",
      "        1.        ]), array([ 0.99377324,  0.05212327, -0.09847778,  0.        ,  0.05318613,\n",
      "       -0.99855096,  0.00819688,  0.        , -0.09790784, -0.01338349,\n",
      "       -0.99510549,  0.        ,  0.40254917, -0.05511367,  0.49140685,\n",
      "        1.        ]), array([ 0.99464385,  0.05847072, -0.08523357,  0.        ,  0.05884731,\n",
      "       -0.99826515,  0.00191043,  0.        , -0.084974  , -0.00691597,\n",
      "       -0.99635917,  0.        ,  0.40167578, -0.06313826,  0.49899623,\n",
      "        1.        ]), array([ 9.95216960e-01,  6.60465083e-02, -7.19793580e-02,  0.00000000e+00,\n",
      "        6.59051555e-02, -9.97816438e-01, -4.33962081e-03,  0.00000000e+00,\n",
      "       -7.21088059e-02, -4.24946571e-04, -9.97396681e-01,  0.00000000e+00,\n",
      "        4.00913685e-01, -7.13546025e-02,  5.06092193e-01,  1.00000000e+00]), array([ 0.99553187,  0.073918  , -0.05875699,  0.        ,  0.07343587,\n",
      "       -0.99724647, -0.01032579,  0.        , -0.05935847,  0.00596478,\n",
      "       -0.99821891,  0.        ,  0.40031003, -0.07951977,  0.51278025,\n",
      "        1.        ]), array([ 0.99551117,  0.08227635, -0.0467769 ,  0.        ,  0.08159044,\n",
      "       -0.99653112, -0.01639174,  0.        , -0.04796329,  0.01250162,\n",
      "       -0.99877086,  0.        ,  0.39969405, -0.08804166,  0.51865397,\n",
      "        1.        ]), array([ 0.995183  ,  0.09101905, -0.03641846,  0.        ,  0.09025723,\n",
      "       -0.99567444, -0.02204576,  0.        , -0.03826752,  0.01865254,\n",
      "       -0.99909343,  0.        ,  0.39910598, -0.09639805,  0.52348024,\n",
      "        1.        ]), array([ 0.99445685,  0.10145802, -0.0276009 ,  0.        ,  0.10069484,\n",
      "       -0.99452984, -0.02776537,  0.        , -0.03026694,  0.0248322 ,\n",
      "       -0.99923334,  0.        ,  0.39850367, -0.10455505,  0.52683254,\n",
      "        1.        ]), array([ 0.99329199,  0.11394973, -0.01965837,  0.        ,  0.1132641 ,\n",
      "       -0.99301539, -0.03304019,  0.        , -0.02328598,  0.03059197,\n",
      "       -0.99926067,  0.        ,  0.39823692, -0.11250258,  0.52913066,\n",
      "        1.        ]), array([ 0.99161912,  0.12853311, -0.01306621,  0.        ,  0.12797094,\n",
      "       -0.9910756 , -0.03731713,  0.        , -0.01774609,  0.03533228,\n",
      "       -0.99921805,  0.        ,  0.39849908, -0.11996188,  0.530727  ,\n",
      "        1.        ]), array([ 0.98927029,  0.14595219, -0.0064977 ,  0.        ,  0.14557291,\n",
      "       -0.98851067, -0.04068361,  0.        , -0.01236091,  0.0393012 ,\n",
      "       -0.99915095,  0.        ,  0.39927344, -0.12717359,  0.53188843,\n",
      "        1.        ]), array([ 9.86338644e-01,  1.64730157e-01, -1.45801951e-04,  0.00000000e+00,\n",
      "        1.64570828e-01, -9.85422800e-01, -4.31081573e-02,  0.00000000e+00,\n",
      "       -7.24489033e-03,  4.24952481e-02, -9.99070401e-01,  0.00000000e+00,\n",
      "        4.00300464e-01, -1.33955883e-01,  5.32865859e-01,  1.00000000e+00]), array([ 0.9826777 ,  0.18526834,  0.00448912,  0.        ,  0.1852805 ,\n",
      "       -0.98164853, -0.04513614,  0.        , -0.00395556,  0.04518603,\n",
      "       -0.99897076,  0.        ,  0.40161643, -0.14028403,  0.53375945,\n",
      "        1.        ]), array([ 0.97857419,  0.20577638,  0.00697137,  0.        ,  0.20587324,\n",
      "       -0.97742658, -0.04747061,  0.        , -0.00295433,  0.04788874,\n",
      "       -0.99884831,  0.        ,  0.40285876, -0.14577636,  0.5343814 ,\n",
      "        1.        ]), array([ 0.9740558 ,  0.22621828,  0.00636853,  0.        ,  0.22624553,\n",
      "       -0.97274099, -0.05087131,  0.        , -0.00531309,  0.05099235,\n",
      "       -0.99868491,  0.        ,  0.40353818, -0.15075167,  0.53427221,\n",
      "        1.        ]), array([ 0.9691273 ,  0.24652802,  0.00402181,  0.        ,  0.24638166,\n",
      "       -0.96767253, -0.05390662,  0.        , -0.0093977 ,  0.05323328,\n",
      "       -0.99853788,  0.        ,  0.40465215, -0.15525748,  0.53339111,\n",
